time,x,y,z,phi,theta,psi,x_velocity,y_velocity,z_velocity,phi_velocity,theta_velocity,psi_velocity,rotor_speed1,rotor_speed2,rotor_speed3,rotor_speed4
0.06,-1.1818883616341466e-06,-9.753837056974647e-08,9.009177687169478,6.282891782628738,0.0006800482608175784,0.0,-9.288469082077544e-05,-1.9461746511473103e-05,0.3058910430549989,-0.01711894690256271,0.027637489788727813,0.0,496.3715254250745,498.39516183078354,499.16981652259784,497.91930770036345
0.12000000000000001,-2.427183649887548e-05,-9.58821920347771e-06,9.026970855304842,6.281763692567495,0.002937048794842134,0.0,-0.0008464100231480832,-0.0003876884119058857,0.287219367493542,-0.02239860756472825,0.052443390705009675,0.0,396.24946775523966,398.5237414478505,397.9980075506915,397.51457490331563
0.18,-0.0001594212712603116,-7.283093729363614e-05,9.050545729276257,6.279979320383113,0.005860346168925723,0.0,-0.0040194909064425735,-0.0018972902471063448,0.4985391925622043,-0.05145176466685253,0.03998807142636111,0.0,472.0817365008089,471.1211335124349,471.5524873249964,469.30279680170963
0.23999999999999996,-0.0005345066928094104,-0.00026699007695809874,9.084055512289073,6.276855343260877,0.008061096441443816,0.0,-0.008725419931970471,-0.0049003436433168995,0.6183927963644855,-0.053324075365783465,0.029069622838069256,0.0,443.347646752669,442.4503970515874,444.0586679709368,443.90331626229624
0.3,-0.0012472693325229199,-0.0007164979357951102,9.12600755747002,6.273148936527482,0.010224230697759573,0.0,-0.015252675202038801,-0.01045399520331702,0.7799072532838303,-0.08966715749330578,0.04725800041205649,0.0,455.7259507575509,457.1777719100649,457.86419000526456,454.96088371915766
0.36000000000000004,-0.0024149849140443426,-0.001603101113854381,9.178646436825575,6.267677786863764,0.012829421612930325,0.0,-0.023986856574136878,-0.01972703094528162,0.9745650410659255,-0.09440821222145268,0.034359613600427545,0.0,467.03034604491546,466.02430426072897,466.941214599659,466.56469819182723
0.4200000000000001,-0.004108563915395778,-0.00310564241083402,9.238718567761286,6.261736713321042,0.014681412388606319,0.0,-0.03265232705871558,-0.030906563798227774,1.027780258226813,-0.11034535447107817,0.02276057779801865,0.0,423.4172176403408,422.4186594144536,423.4198891820826,422.03758866495895
0.48000000000000015,-0.006361927616632803,-0.005406621834887631,9.302426978865913,6.255301626467254,0.015819267364486578,0.0,-0.04258200264269889,-0.046425591250846276,1.0957530099825046,-0.10169256732258211,0.010019424178554778,0.0,428.09780327380406,427.0123827961964,427.64779065150833,428.37347992510865
0.5400000000000001,-0.009320050835231658,-0.008922363377806705,9.375678731418674,6.249301706852709,0.01752718585522217,0.0,-0.05617901019725078,-0.07150938196982286,1.3456856108492856,-0.09681193615514347,0.05121302402628121,0.0,482.5367475480745,485.6362797479352,482.6755994998836,483.0359862171594
0.6000000000000002,-0.013098032472256564,-0.01399751502008845,9.461203131319193,6.243743940406215,0.02118063232008094,0.0,-0.07012832184742175,-0.09828356433309354,1.5049001858327142,-0.08536247858827405,0.07537448024306001,0.0,456.085847992746,458.01372655374473,457.0429206536867,457.94741531346614
0.6600000000000003,-0.017737064373847863,-0.020685010104606945,9.55340032253391,6.238726257392743,0.02587147035765902,0.0,-0.08494997503428486,-0.12511863908307522,1.568221772248249,-0.08036915640964427,0.08327022901823303,0.0,427.25229229610005,427.92999545997833,427.4287181387267,427.84799319791017
0.7200000000000003,-0.023447740801515793,-0.029230373555233363,9.65270869556834,6.233810179356578,0.030705759812991396,0.0,-0.10595538285371257,-0.1602644720495912,1.7417643993535752,-0.08526310288894214,0.07454291399886377,0.0,462.9973294909763,462.3151798750148,462.2721370168483,461.88119151572647
0.7800000000000004,-0.030477470921067035,-0.03991711168833833,9.760823410850206,6.2290910793461265,0.03565559082583292,0.0,-0.12886183271700344,-0.1964637474146855,1.8618238386241686,-0.0679374094155065,0.0949326216575864,0.0,446.0075294416137,447.6749388313977,445.6579308603622,447.0666844945089
0.8400000000000004,-0.03912151480311455,-0.053067100359828596,9.87967680702158,6.2246653751816226,0.04124295385103327,0.0,-0.15994965482021903,-0.24236153050383574,2.0994876427544176,-0.08915325210134499,0.08923517986163935,0.0,482.5861115174387,482.1624654606234,483.24173761228724,481.635975008568
0.9000000000000005,-0.049650906448531165,-0.06892074487983023,10.009996389922263,6.219198214770689,0.04699157165347856,0.0,-0.1916250840355478,-0.2866629416977481,2.24415378196772,-0.09537067195604669,0.10647508722161428,0.0,453.9884294821236,455.37700162777,457.02391055392616,456.5213606679153
0.9600000000000005,-0.06210863054106579,-0.08741529953427471,10.14685089350533,6.2134129884675655,0.05362001718827791,0.0,-0.22426564702073543,-0.33037531754792077,2.317436105515249,-0.09860551417853752,0.11746000519052938,0.0,434.1160698369796,435.04783062210527,433.7038764490736,433.42390477679214
1.0200000000000005,-0.07665370898180238,-0.10864116697174374,10.287993021155915,6.207038351115967,0.060469509989110826,0.0,-0.2612423579587063,-0.37773295345756036,2.387062311402531,-0.1294108265342756,0.10657374905886172,0.0,434.2119592478473,433.30967078396105,434.35051817405434,431.7484754611275
1.0800000000000005,-0.09383989393711825,-0.13320403273669162,10.437962996500541,6.199013629364789,0.06689329503894026,0.0,-0.31237360683523635,-0.441935756326613,2.6113037773973837,-0.14423481751730854,0.10802341441551566,0.0,481.64379656413234,481.76250631497487,481.38816320838663,480.2499756880266
1.1400000000000006,-0.11404362928016093,-0.16155672213680802,10.598320921727673,6.190576782336008,0.07331656747276494,0.0,-0.36174591551826657,-0.5040239912855087,2.7335216224706262,-0.13421682152620967,0.10504455576779699,0.0,452.7094627721497,452.4795437048239,450.8986953480777,451.68915677004475
1.2000000000000006,-0.13730499350786887,-0.19375932456419837,10.765425793538991,6.1821739519167505,0.07975794662368418,0.0,-0.414268991029273,-0.5702063832738529,2.8362270369515867,-0.15544755972864982,0.11161617837318792,0.0,446.6558298770431,447.2014771002309,447.52700854511926,445.77702944114225
1.2600000000000007,-0.16363388677009075,-0.22983389195771012,10.935971215921152,6.172941086370139,0.08634122890419427,0.0,-0.4639518614919597,-0.6330967769222268,2.848417347317015,-0.15092265571143498,0.10563742067249679,0.0,418.5239792154382,418.0147222092585,418.15386603245395,418.523878717524
1.3200000000000007,-0.19369059725544754,-0.2706418618363775,11.11429197325034,6.163956435535816,0.09445428644338527,0.0,-0.5388146868731495,-0.7282008315740196,3.0947012996984973,-0.14748834887390422,0.16498578866913585,0.0,488.8570046545439,493.27231377245243,491.35598173658934,491.59178558697124
1.3800000000000008,-0.2276402921278655,-0.31635908890372405,11.2989471479191,6.15535364907571,0.10385571037645036,0.0,-0.593655150414123,-0.7964240680979443,3.0603440509465116,-0.13622819187105803,0.1298304811722716,0.0,406.7711680011454,403.6354274152105,403.9717511000291,404.9643606005639
1.4400000000000008,-0.2653499908707959,-0.366698177265938,11.484489358296475,6.146984473664865,0.11209674319480989,0.0,-0.6640969137621562,-0.8823094187495626,3.123965253446642,-0.14695256367172985,0.14923751990476952,0.0,436.1774929270304,437.81281098622026,439.49285133898417,438.58460577253925
1.5000000000000009,-0.30743634205647324,-0.4223352112964739,11.673660725176806,6.138164869723731,0.1207688721768081,0.0,-0.7396117931295829,-0.9730645765743814,3.181288822713666,-0.1470750953905942,0.13292757274651973,0.0,437.65723678074227,436.3173259649068,436.95623383010025,436.9253646144542
1.560000000000001,-0.3541145459762251,-0.48346137954260576,11.865371381568686,6.129245015092053,0.12866016228404575,0.0,-0.8170458300831831,-1.0652573082866412,3.208686558935106,-0.15204421304480426,0.12855304629234166,0.0,427.725346450416,427.3692452509091,428.9839025095628,428.54005966077034
1.620000000000001,-0.4055128338905454,-0.5501971262639365,12.058124062028652,6.119978858851454,0.13624969641653717,0.0,-0.8969065180511508,-1.1600596740395273,3.216061497387102,-0.15970140864687446,0.12201939687183173,0.0,421.96211101621145,421.4131838674731,423.304511830541,422.6211017000978
1.680000000000001,-0.46305798709994955,-0.6242317376043092,12.259944450390917,6.1102759637318105,0.14370119328612319,0.0,-1.0221081147223077,-1.3088405694330911,3.509901020219645,-0.16607473769271897,0.12821230402657094,0.0,509.9594823230217,510.41345994970703,511.67364367708655,511.19853510831575
1.740000000000001,-0.5271849234220373,-0.7060998036766868,12.471676326565692,6.101008517167209,0.15178301313463116,0.0,-1.11617319146283,-1.4209333145779377,3.5472949530315288,-0.13787451959208827,0.14523819184923067,0.0,435.6003242520976,437.0387594120792,434.63503482587004,436.96848740713904
1.8000000000000012,-0.5966498677518818,-0.7943122270169307,12.682636121747812,6.092667146219032,0.16055857947170882,0.0,-1.200039887726201,-1.5201427709792017,3.484524700713214,-0.14142162976477182,0.1482251583452819,0.0,403.03516719915854,403.3274793984225,402.9118507400144,402.57085605400687
1.8600000000000012,-0.6721255731088863,-0.8895835886318306,12.894790008631297,6.084652728969537,0.16915085528321683,0.0,-1.3166585441805039,-1.656307016770748,3.5864334088212195,-0.12127489788270006,0.1305838113753052,0.0,460.3509641608619,458.97102513044007,456.62360932891136,458.21189923465914
1.9200000000000013,-0.7549688926020459,-0.9934057569812533,13.114075955953131,6.076969499794336,0.17700703822318786,0.0,-1.4455434668817944,-1.8050943935061181,3.722107920514491,-0.1471898599593887,0.1316316272179952,0.0,471.07347994649575,471.169166826292,471.50479328031145,469.48377666432555
1.9800000000000013,-0.8454067758363496,-1.1059664607428132,13.339715482457612,6.067940179492311,0.18492443365051248,0.0,-1.5697759570136767,-1.9477055005642645,3.7983673979531902,-0.158062313363397,0.1325980367470053,0.0,454.07833126490897,454.1714490578147,454.9822053802963,454.08994639688154
2.0400000000000014,-0.9437364836997755,-1.2275773296236954,13.571267158712114,6.058541849781733,0.19245122288412464,0.0,-1.708605645914094,-2.106827030717799,3.918918229725957,-0.15393723945852816,0.1046555463975604,0.0,470.84759187802774,468.6936373109256,470.3626770764497,470.66030909454327
2.1000000000000014,-1.0497382596205573,-1.357997402856836,13.805898647898566,6.049042609646657,0.1985379462024648,0.0,-1.8253129576926133,-2.241272594485359,3.9016254336317044,-0.16895324451592175,0.09410277603672232,0.0,427.35520215366824,426.46397405561,428.9685698929835,427.6663230449873
2.1600000000000015,-1.1629282324697863,-1.4967397588088978,14.039786627894568,6.038937167182695,0.2043981409543223,0.0,-1.9481739069790576,-2.3843022936762095,3.8940413963818576,-0.16738753672017148,0.1039852088651991,0.0,432.50615716979996,433.34617964492185,431.2915200691187,431.395658314602
2.2200000000000015,-1.284489675303498,-1.645279483634746,14.277272408008749,6.028398630587462,0.21058184518690748,0.0,-2.1044046853009033,-2.5679038197433295,4.020860085228127,-0.20223853252756088,0.10114932874570869,0.0,477.1477521148209,476.9396165116748,478.46544515109457,475.7757769115263
2.2800000000000016,-1.4141631019868321,-1.8034104719800759,14.515946473279579,6.01640729366437,0.21694191035821664,0.0,-2.2185605753764155,-2.7040528943525315,3.9345679984119903,-0.19547827281851535,0.11426387700157373,0.0,408.99698629320847,410.174313301486,407.81348181411374,408.37393455635527
2.3400000000000016,-1.551781845500984,-1.9710772593015293,14.753656970240806,6.005291870791758,0.22375732735910958,0.0,-2.369300996234372,-2.885768296702975,3.987997998238825,-0.17017614306794612,0.1122091725157627,0.0,458.3378305621178,458.1855403302521,456.23437954903795,458.21748249431704
2.4000000000000017,-1.6977060003728905,-2.1487950088006205,14.990764557856355,5.994674361727096,0.2308089473008046,0.0,-2.4954063443492687,-3.038954268476005,3.915080917156134,-0.1960956479063742,0.1264609664313151,0.0,415.67173832507785,416.93227822366674,419.05790746727786,416.76513978524645
2.4600000000000017,-1.8511630491739344,-2.3356870625580934,15.222769082037978,5.9834578617684535,0.2384891950480279,0.0,-2.6204464130848266,-3.191639602536683,3.8179209465138357,-0.17307457909582352,0.13092151590573967,0.0,408.6523675332064,409.06635762290176,409.43428433163325,411.44000555479965
2.520000000000002,-2.013007006688585,-2.5328279329027836,15.45180439538312,5.972646072158103,0.2459321219913022,0.0,-2.7749790671922185,-3.3805220250557073,3.8155795973899043,-0.2008330460622794,0.10450606742267941,0.0,444.68159830366704,442.52573146487646,446.2749658756001,443.9708231533778
2.580000000000002,-2.185068908415963,-2.7424847991316494,15.68362168236609,5.961043049603159,0.2520309170811439,0.0,-2.96087383630514,-3.608954474018805,3.9100505993181383,-0.1815913867898256,0.09521293124120614,0.0,479.1529580723885,478.45394998808706,477.56182209497564,478.9935291562739
2.640000000000002,-2.3681548946067146,-2.965755506731073,15.919985012543266,5.950467912076169,0.2581290189243308,0.0,-3.1424180432778193,-3.8341904194405942,3.967271894477731,-0.16729213091211204,0.1120951230003747,0.0,469.4848167640713,470.801252205006,469.3749783883104,470.4553017716982
2.700000000000002,-2.5617924831977743,-3.2021552975069927,16.157942154981342,5.9411977693364,0.26532181867837146,0.0,-3.312699884070044,-4.046478627371559,3.9634517145608634,-0.13673213362075692,0.1321014280564438,0.0,451.92126406015217,453.5436857798893,452.0547045459344,454.4881451175599
2.760000000000002,-2.765180405244727,-3.450702571176772,16.393430493664734,5.932568186976916,0.2731706538482843,0.0,-3.4675157958296534,-4.239038075938365,3.885360707656234,-0.16434772893715457,0.12810893239276724,0.0,430.47885377753755,430.15711737532473,430.4461265325643,428.08139680663936
2.820000000000002,-2.978656889233472,-3.711763159192832,16.626319159320097,5.922615404475433,0.2808333383381685,0.0,-3.648930759766158,-4.463645549943183,3.8762564269893325,-0.16912981795862686,0.12690512214765332,0.0,456.8405404510618,456.7589312851918,455.3971732239967,454.98882309566926
2.880000000000002,-3.2021727569149308,-3.9852635002439274,16.855297487145602,5.912256480119357,0.2880275251055071,0.0,-3.802177961389855,-4.653773187430018,3.755610738124844,-0.18081266124032774,0.09978922751853675,0.0,419.4849882883316,417.1366538812834,421.05851267176837,420.0156700896697
2.940000000000002,-3.43659501118432,-4.272288087458861,17.081902033046074,5.901420697905948,0.2939673187429559,0.0,-4.012240559985032,-4.914398687021364,3.7960669766264887,-0.18016790355897722,0.097363461262777,0.0,477.1276438486543,476.9500658819427,478.3971484273817,478.4172624482606
3.000000000000002,-3.6829739865245528,-4.57420672507933,17.30838551240652,5.890327490390598,0.30000144003468954,0.0,-4.200779488205116,-5.150275319043389,3.7520032990013523,-0.19654169455046575,0.10630770300540009,0.0,452.3977499265017,453.1260052558248,454.2187465996645,452.87069248568014
3.0600000000000023,-3.940829292864066,-4.890530569298952,17.532188014401456,5.878427288971935,0.30633285925205733,0.0,-4.3947923404037725,-5.394603395138004,3.7065495644116386,-0.20218584621644553,0.1039089598145601,0.0,455.5175565245145,455.3350900678436,456.9166826488749,456.42900846887443
3.1200000000000023,-4.209967921291336,-5.221123109042229,17.75168951657289,5.865965374067121,0.3128388194954477,0.0,-4.576917891084687,-5.625939930588048,3.60886503219723,-0.22195879294667814,0.11621164475754145,0.0,440.4755789311123,441.5024375971259,442.06286330785525,440.3867536162956
3.1800000000000024,-4.490757774764812,-5.56655533089666,17.96684278049821,5.852995573640735,0.3205914620248169,0.0,-4.783165053874355,-5.889219975379859,3.5610567452680684,-0.20656584539899592,0.14719021961020665,0.0,461.9273968214623,464.37838683584465,460.8619839205033,462.03281921594845
3.2400000000000024,-4.784360841536341,-5.928361179023489,18.179685316018755,5.840689676183533,0.3296085309089696,0.0,-5.004093850027633,-6.171581341077095,3.531546579579705,-0.20231842987597276,0.1558420547211303,0.0,472.4124029171138,473.09890906774444,473.3916278758409,473.67993933640776
3.3000000000000025,-5.089674287511006,-6.305169432225067,18.38600161498336,5.829044541495964,0.3387034118654775,0.0,-5.173637739017836,-6.389443018969856,3.3445793562658617,-0.1813181397074203,0.14131301342114297,0.0,421.699409060262,420.46501297187547,418.84527604655943,420.62860066438503
3.3600000000000025,-5.405858847777606,-6.695915289098551,18.58234502312723,5.818718353460277,0.34755066551795366,0.0,-5.366381817022351,-6.636031437339905,3.1987744893855248,-0.15816345242235633,0.15753149970716626,0.0,438.8494441181679,440.2144128690624,437.8045878539984,439.6980971812542
3.4200000000000026,-5.733377958624054,-7.1011526070089355,18.768811693252154,5.808967715733694,0.356742653125357,0.0,-5.551519056037257,-6.872487346178259,3.0155457750760535,-0.17303430079515253,0.14272100931208723,0.0,428.74065538917785,427.5030533033772,429.34416238381283,428.05374511601
3.4800000000000026,-6.073951916431173,-7.522944270291963,18.948375256973307,5.799016267547749,0.3652297647192624,0.0,-5.801282141934252,-7.187565492543693,2.967493193343068,-0.15441122796104031,0.13878768715586962,0.0,481.676790645566,481.3960891478277,481.49610548978103,482.87911523611734
3.5400000000000027,-6.430171696787108,-7.964425131033006,19.125939053859675,5.789918134098951,0.3732402136378461,0.0,-6.072927290889737,-7.528613145179043,2.948560992115823,-0.1465992983375298,0.12002782317019224,0.0,498.6773298821434,497.3188531590838,497.0227610274758,497.5761046223129
3.6000000000000028,-6.801113903369589,-8.424449206856817,19.298204887729007,5.780708087258564,0.3816188971528769,0.0,-6.292196106580452,-7.805975869007741,2.7918740747089563,-0.17315962034588403,0.16326667835865447,0.0,453.01760328771985,456.4985891270085,455.2620975000693,453.10886150695626
3.660000000000003,-7.1847594184383725,-8.900563709162041,19.45953105315214,5.770728782828634,0.391528961826328,0.0,-6.496498732617555,-8.065061563299432,2.58402790810933,-0.1553159443678856,0.1687172829815999,0.0,439.30456601064276,439.78278356948607,438.7481083542238,440.2005357247072
3.720000000000003,-7.579499000068615,-9.390829790706412,19.605392868741447,5.761068287342015,0.4020851249522961,0.0,-6.662161819379969,-8.277933364542301,2.2771200027893634,-0.1759077228582589,0.18743544098382034,0.0,402.4736377384419,404.19774457595815,403.336802447452,401.44386332498107
3.780000000000003,-7.986024215795264,-9.896027948653705,19.73610228022592,5.751045617390361,0.41370646092733576,0.0,-6.889161761477119,-8.562424558402036,2.0777531008234753,-0.15351697942758447,0.20391491525558667,0.0,450.1457636683044,451.5134904526498,449.07307446187366,450.8595216071053
3.840000000000003,-8.407338849331566,-10.419607016302827,19.85650522562235,5.742454292439827,0.4263520938489558,0.0,-7.155062826142725,-8.890317843127779,1.9329363043536092,-0.12798500376586375,0.22177306077449854,0.0,476.23514610369836,477.6396442924131,476.1225911111469,478.05453369809663
3.900000000000003,-8.842864729842125,-10.960813661548672,19.964240930728593,5.735131226989431,0.4398849091745092,0.0,-7.363103875264663,-9.150403392179165,1.6565644283025376,-0.11225558507930365,0.23217896876362137,0.0,431.3269200176511,432.25711603320326,431.325043353668,432.6378163007188
3.960000000000003,-9.292403890481662,-11.519269521880897,20.05757096428154,5.72852100806443,0.454154686089443,0.0,-7.622026482605177,-9.464916773561445,1.4519161155043945,-0.10629897833462666,0.24722428420974646,0.0,465.02464378403226,466.25539508121767,465.9414081751342,466.39690399585834
4.020000000000002,-9.755996383021342,-12.09492308734212,20.135373690847505,5.721860452791157,0.46852652393677285,0.0,-7.83171316526088,-9.724080968520697,1.1397849461864478,-0.12264710657030076,0.21612613319450358,0.0,429.09353152145,426.502848047274,429.864190790164,428.4644238392609
4.080000000000001,-10.233021010517765,-12.687002970488738,20.19530095133329,5.714073394442547,0.48104192447022687,0.0,-8.069551000931558,-10.012356389283891,0.8556155449201952,-0.15050641180943003,0.18597918377783554,0.0,446.87058461529864,444.44714004173,446.630724288589,444.33576051805494
4.14,-10.725408312174691,-13.297518311567522,20.239355402645838,5.704792374626262,0.49216206056694567,0.0,-8.343494821470873,-10.338436773535399,0.6100531446821429,-0.16470626812062716,0.18401843616029545,0.0,467.1305462143714,467.00905451704637,469.23026995957633,468.10473970922817
4.199999999999998,-11.23111015911769,-13.924458512041536,20.26321713571549,5.694555313978745,0.5029880622252296,0.0,-8.513840748930427,-10.560615600109447,0.18403739832400773,-0.18630840946837407,0.17208947025059643,0.0,397.0605395657337,395.99977329406875,396.8941987396597,394.8731148094357
4.259999999999997,-11.748431658330832,-14.566233093550938,20.263166653636763,5.68293309071279,0.5140922060885016,0.0,-8.730501868773406,-10.832621079978377,-0.18789440289760972,-0.2156232219914982,0.20302266463058408,0.0,425.5602235855007,428.23471001374037,426.982224068907,424.4331922052627
4.319999999999996,-12.279783139462834,-15.225450888766817,20.241755958875427,5.669435369004802,0.5259210506737357,0.0,-8.981238813012979,-11.141786808110103,-0.5287649554807402,-0.25997092401690436,0.1815939752186534,0.0,448.57918444031793,446.8721982088228,449.0375108169827,445.37101014697157
4.379999999999995,-12.82606120047314,-15.903209128748134,20.199123345246083,5.654641474700391,0.5367238509141288,0.0,-9.227905776340597,-11.450673295276838,-0.8954263672762015,-0.2282063339557599,0.17676240616924824,0.0,445.5157110167983,445.15155292655794,443.8063773010782,446.344971669004
4.439999999999993,-13.389668013729128,-16.602129375770556,20.13731555364926,5.641102559425535,0.5470328527465647,0.0,-9.558337629187507,-11.846650763158008,-1.1691782647226994,-0.22097776368950828,0.15944168483081564,0.0,494.79550334544547,493.543064660402,494.9763840649548,495.4634315521283
4.499999999999992,-13.970411487423576,-17.32230131402555,20.05486971792324,5.627619642211986,0.5562923588067319,0.0,-9.799615167986225,-12.159726689375441,-1.5820791374348449,-0.23347609945004763,0.1413925232724624,0.0,446.7128017707531,445.26003220933785,446.7183948504998,445.64742835994826
4.559999999999991,-14.565056426927798,-18.06086688054287,19.94634176853422,5.613509880454398,0.5645034002101657,0.0,-10.021757107823769,-12.459943821955935,-2.0384460358049163,-0.23876161642229068,0.12573604625723653,0.0,435.997214597451,434.7041095707952,435.60322580156213,435.104323339792
4.6199999999999894,-15.175261851294454,-18.819832598120012,19.812616586255356,5.598817120528718,0.5722096841567934,0.0,-10.31765627628567,-12.839223790769692,-2.423214240451104,-0.2613261551948622,0.13335327019775398,0.0,478.5012161714371,479.09473913169205,479.15907745815446,477.3836242298203
4.679999999999988,-15.801415782346119,-19.600003066780666,19.65298262618199,5.582952358539327,0.5809746242561715,0.0,-10.553667990080534,-13.16710809149338,-2.9015428486684844,-0.27141947270485073,0.163794240629003,0.0,446.7528135239193,449.248356766023,448.45126580740396,447.5601499398159
4.739999999999987,-16.441570717490812,-20.399917735613485,19.46382990198047,5.5666923830909205,0.5909752346443007,0.0,-10.784264858542342,-13.497317267483657,-3.4074094366210956,-0.2701746708284248,0.17188853709347568,0.0,447.06443169302423,447.7500922967668,446.4555822903018,446.4833899623234
4.799999999999986,-17.094206408221357,-21.21855984333905,19.242151276590434,5.550182526298158,0.6011239663021088,0.0,-10.96993051408084,-13.791704899289225,-3.9853256313320653,-0.28766509567969567,0.1630111774412954,0.0,423.7941990079456,423.05892607403945,423.6568012344226,422.0678753259957
4.859999999999984,-17.75773412794315,-22.05488933795053,18.984895457047735,5.5328730064447615,0.6110236118914711,0.0,-11.147240423817344,-14.086926286068548,-4.593507168384279,-0.29019493819814696,0.16868629721152126,0.0,420.42477236590327,420.9441060794982,419.03748055600664,418.7272701048633
4.919999999999983,-18.432025789808982,-22.909343785561454,18.690619182163438,5.515326883031236,0.6211534965999723,0.0,-11.328565874649502,-14.395827404450351,-5.2197045149824906,-0.2973283354131642,0.1691196663703455,0.0,424.5956867278055,424.6616345364281,423.6893157979346,422.9834481108242
4.979999999999982,-19.11724025318225,-23.782687879165206,18.358110133122512,5.497399870785204,0.63150876030757,0.0,-11.511164263386409,-14.716542604561019,-5.868296744188082,-0.3018570633036819,0.17874284052377434,0.0,427.5376097831908,428.38698352415486,426.64971424756465,426.1675389480022
5.0399999999999805,-19.81305337689028,-24.675268730089915,17.985591923028075,5.479643384441529,0.6420659858574176,0.0,-11.681805568023739,-15.03715196723732,-6.553535489236985,-0.28618399746648016,0.16970362247171478,0.0,424.1741622508727,423.4281178683908,422.64192421839067,423.8972378079055
